name,time,flow_in,flow_out,pressure_in,pressure_out
aorta_inlet,0.0000000000000000e+00,1.3425285168602687e+02,1.3425285168602687e+02,2.8870754639386269e+05,2.8870754384551116e+05
aorta_inlet,2.5000000000000000e-01,1.3425285168016595e+02,1.3425285168016595e+02,2.8870754607259220e+05,2.8870754352424067e+05
aorta_inlet,5.0000000000000000e-01,1.3425285168309642e+02,1.3425285168309642e+02,2.8870754624068370e+05,2.8870754369233217e+05
aorta_inlet,7.5000000000000000e-01,1.3425285168163117e+02,1.3425285168163117e+02,2.8870754615286458e+05,2.8870754360451305e+05
aorta_inlet,1.0000000000000000e+00,1.3425285168236383e+02,1.3425285168236383e+02,2.8870754619868362e+05,2.8870754365033208e+05
aorta_right_outlet,0.0000000000000000e+00,7.3977232232933417e+01,7.3977232232933417e+01,7.3977289183253797e+03,7.3977232232933420e+03
aorta_right_outlet,2.5000000000000000e-01,7.3977232231112751e+01,7.3977232231112751e+01,7.3977289181433125e+03,7.3977232231112757e+03
aorta_right_outlet,5.0000000000000000e-01,7.3977232232058526e+01,7.3977232232058526e+01,7.3977289182378909e+03,7.3977232232058523e+03
aorta_right_outlet,7.5000000000000000e-01,7.3977232231566504e+01,7.3977232231566504e+01,7.3977289181886881e+03,7.3977232231566504e+03
aorta_right_outlet,1.0000000000000000e+00,7.3977232231822711e+01,7.3977232231822711e+01,7.3977289182143095e+03,7.3977232231822718e+03
branch2_seg0,0.0000000000000000e+00,6.0275619453093455e+01,6.0275619453093455e+01,1.0310721453600994e+05,1.0283597845317735e+05
branch2_seg0,2.5000000000000000e-01,6.0275619449053210e+01,6.0275619449053210e+01,1.0310721423151155e+05,1.0283597843171142e+05
branch2_seg0,5.0000000000000000e-01,6.0275619451037883e+01,6.0275619451037883e+01,1.0310721439143515e+05,1.0283597844216938e+05
branch2_seg0,7.5000000000000000e-01,6.0275619450064681e+01,6.0275619450064681e+01,1.0310721430758218e+05,1.0283597843707849e+05
branch2_seg0,1.0000000000000000e+00,6.0275619450541086e+01,6.0275619450541086e+01,1.0310721435148091e+05,1.0283597843955486e+05
pulmo_right_outlet,0.0000000000000000e+00,3.0224232842628684e+01,3.0224232842628684e+01,3.0224242328667838e+03,3.0224232842628680e+03
pulmo_right_outlet,2.5000000000000000e-01,3.0224232842421692e+01,3.0224232842421692e+01,3.0224242328460855e+03,3.0224232842421698e+03
pulmo_right_outlet,5.0000000000000000e-01,3.0224232842530590e+01,3.0224232842530590e+01,3.0224242328569744e+03,3.0224232842530587e+03
pulmo_right_outlet,7.5000000000000000e-01,3.0224232842474770e+01,3.0224232842474770e+01,3.0224242328513928e+03,3.0224232842474771e+03
pulmo_right_outlet,1.0000000000000000e+00,3.0224232842502737e+01,3.0224232842502737e+01,3.0224242328541895e+03,3.0224232842502738e+03
pulmo_left_outlet,0.0000000000000000e+00,3.0051386610464775e+01,3.0051386610464775e+01,3.0051434809078914e+03,3.0051386610464774e+03
pulmo_left_outlet,2.5000000000000000e-01,3.0051386606631514e+01,3.0051386606631514e+01,3.0051434805245640e+03,3.0051386606631513e+03
pulmo_left_outlet,5.0000000000000000e-01,3.0051386608507297e+01,3.0051386608507297e+01,3.0051434807121436e+03,3.0051386608507296e+03
pulmo_left_outlet,7.5000000000000000e-01,3.0051386607589912e+01,3.0051386607589912e+01,3.0051434806204043e+03,3.0051386607589911e+03
pulmo_left_outlet,1.0000000000000000e+00,3.0051386608038349e+01,3.0051386608038349e+01,3.0051434806652483e+03,3.0051386608038347e+03
